%YAML:1.0
image_width: 640
image_height: 480
camera_name: narrow_stereo
camera_matrix: !!opencv-matrix
  rows: 3
  cols: 3
  dt: f
  data: [570.239523, 0.000000, 302.694178, 0.000000, 569.374141, 257.618080, 0.000000, 0.000000, 1.000000]
distortion_model: plumb_bob
distortion_coefficients: !!opencv-matrix
  rows: 1
  cols: 5
  dt: f
  data: [-0.416237, 0.174047, -0.011448, 0.014342, 0.000000]
rectification_matrix: !!opencv-matrix
  rows: 3
  cols: 3
  dt: f
  data: [1.000000, 0.000000, 0.000000, 0.000000, 1.000000, 0.000000, 0.000000, 0.000000, 1.000000]
projection_matrix: !!opencv-matrix
  rows: 3
  cols: 4
  dt: f
  data: [487.605499, 0.000000, 310.723352, 0.000000, 0.000000, 525.253967, 256.026439, 0.000000, 0.000000, 0.000000, 1.000000, 0.000000]
